MAE: 0.081621
MSE: 0.061761
